0 -57.17 -57.17 -57.17 -57.17
1 -58.40 -58.40 -58.03 -58.40
2 -58.29 -57.95 -58.32 -58.31
3 -58.49 -58.39 -58.43 -58.31
4 -58.49 -58.42 -58.49 -58.48
5 -58.03 -58.34 -58.17 -58.46
6 -57.45 -57.99 -57.62 -58.02
7 -58.14 -57.87 -57.93 -57.53
8 -57.45 -57.68 -57.66 -58.04
9 -58.22 -57.94 -57.99 -57.55
10 -58.44 -58.04 -58.37 -58.19
11 -58.18 -58.28 -58.26 -58.41
12 -57.80 -58.14 -57.92 -58.17
13 -57.82 -57.93 -57.81 -57.83
14 -58.56 -58.06 -58.34 -57.87
15 -58.55 -58.31 -58.55 -58.51
16 -58.08 -58.40 -58.22 -58.51
17 -58.30 -58.31 -58.23 -58.13
18 -58.16 -58.18 -58.20 -58.27
19 -57.41 -57.96 -57.64 -58.12
20 -58.45 -58.01 -58.14 -57.54
21 -58.33 -58.06 -58.36 -58.37
22 -58.18 -58.32 -58.23 -58.32
23 -58.15 -58.22 -58.16 -58.19
24 -58.12 -58.15 -58.13 -58.15
25 -58.31 -58.20 -58.26 -58.14
26 -57.86 -58.10 -57.99 -58.27
27 -57.71 -57.96 -57.75 -57.88
28 -58.01 -57.86 -57.92 -57.74
29 -58.00 -57.91 -58.01 -57.99
30 -58.12 -58.05 -58.09 -58.01
31 -58.38 -58.17 -58.31 -58.13
32 -58.18 -58.23 -58.24 -58.35
33 -59.15 -58.57 -58.86 -58.26
34 -58.44 -58.59 -58.65 -59.04
35 -58.72 -58.77 -58.64 -58.51
36 -58.59 -58.59 -58.63 -58.70
37 -58.33 -58.55 -58.40 -58.58
38 -57.80 -58.24 -57.96 -58.31
39 -58.33 -58.15 -58.17 -57.87
40 -57.49 -57.87 -57.74 -58.23
41 -58.24 -58.02 -58.02 -57.60
42 -58.18 -57.97 -58.20 -58.19
43 -58.10 -58.17 -58.12 -58.18
44 -57.98 -58.08 -58.01 -58.09
45 -58.30 -58.12 -58.20 -58.01
46 -58.20 -58.16 -58.23 -58.27
47 -58.14 -58.21 -58.15 -58.20
48 -58.19 -58.17 -58.17 -58.14
49 -57.47 -57.93 -57.68 -58.13
